1508850027
1718190143
1718191613
1814987817
1814988282
1845154007
1880253632
1888705256
1914064942
1938420742
1957158779
1968134023
2009463077
2016436324
2023507013
2028381079
2052918119
2062943477
2102143149
2134308519
2134308522
2134312965
2158539170
2186560858
2193152410
2194472657
2198652536
2202185773
2275449762
2296404655
2439736083
2454918552
2468543398
2493234474
2521176396
2567387768
2573138902
2608762624
2636329500
2688941031
2720631512
2748889667
2785616901
2792917473
2800857642
2801160906
2826922787
2842502659
2858079457
2861806869
2871933948
2873841790
2877699803
2915686437
2920385763
2938820380
2939292644
2952321484
2962126499
2963116383
2971831654
2990596478
3002936071
3006389281
3006726393
3014885065
3014906877
3014915404
3025493377
3033779606
3047892432
3079786283
3155781848
3171013935
3202046258
3209927822
3225120958
3262718980
3268401022
3296654393
3302208420
3316062206
3334272487
3342412435
3400246558
3411401573
3444347874
3455694362
3461526070
3497226454
3509486825
3509487668
3509488152
3509488682
3531306011
3585375106
3609835606
3618306875
3626725895
3656316229
3686924415
836308268
